<DATE>;<TIME>;<OPEN>;<HIGH>;<LOW>;<CLOSE>;<VOL>
12/05/22;11:00;12.0000000;12.0000000;12.0000000;12.0000000;2
12/05/22;12:00;11.8800000;12.0500000;11.8800000;12.0500000;19
12/05/22;13:00;10.2900000;10.2900000;10.2400000;10.2400000;19
12/05/22;16:00;10.2500000;10.2500000;10.2500000;10.2500000;1
13/05/22;16:00;10.4500000;10.8900000;10.4500000;10.8900000;3
16/05/22;14:00;10.2700000;10.2700000;10.2700000;10.2700000;1
16/05/22;15:00;10.2800000;10.2800000;10.2800000;10.2800000;1
16/05/22;16:00;10.1600000;10.1600000;10.1600000;10.1600000;2
16/05/22;17:00;10.1600000;10.1600000;10.1600000;10.1600000;1
16/05/22;18:00;10.2700000;10.2700000;10.2700000;10.2700000;1
17/05/22;16:00;10.8500000;10.8500000;10.8500000;10.8500000;1
18/05/22;12:00;10.2500000;10.2500000;10.2400000;10.2400000;2
18/05/22;16:00;10.3100000;10.3100000;10.3100000;10.3100000;1
19/05/22;11:00;9.9000000;9.9000000;9.9000000;9.9000000;8
19/05/22;12:00;9.9000000;9.9000000;9.9000000;9.9000000;2
19/05/22;19:00;9.9100000;9.9100000;9.9000000;9.9000000;2
20/05/22;11:00;10.3400000;10.3400000;10.3400000;10.3400000;1
20/05/22;12:00;9.9000000;11.0500000;9.9000000;9.9000000;18
20/05/22;13:00;9.9200000;10.1500000;9.6500000;10.1500000;62
20/05/22;16:00;9.9800000;9.9800000;9.9800000;9.9800000;2
20/05/22;19:00;9.8500000;9.8500000;9.8500000;9.8500000;1
23/05/22;14:00;9.9200000;9.9200000;9.7900000;9.7900000;14
23/05/22;15:00;9.8000000;9.8000000;9.8000000;9.8000000;5
23/05/22;16:00;9.7100000;9.7500000;9.7000000;9.7500000;3
23/05/22;17:00;9.7500000;9.7500000;9.7000000;9.7000000;11
23/05/22;18:00;9.7000000;9.7000000;9.7000000;9.7000000;19
23/05/22;19:00;9.7100000;9.7100000;9.7100000;9.7100000;2
24/05/22;11:00;9.7000000;9.7000000;9.7000000;9.7000000;11
24/05/22;12:00;9.6900000;9.6900000;9.6600000;9.6600000;9
24/05/22;13:00;9.6000000;9.6000000;9.6000000;9.6000000;7
24/05/22;16:00;9.6500000;9.6500000;9.6500000;9.6500000;7
24/05/22;17:00;9.5300000;9.5300000;9.5100000;9.5100000;3
25/05/22;11:00;9.5000000;9.6800000;9.4500000;9.5000000;24
25/05/22;12:00;9.4500000;9.4500000;9.4500000;9.4500000;61
25/05/22;13:00;9.4500000;9.6900000;9.4100000;9.4100000;22
25/05/22;14:00;9.4500000;9.4500000;9.4500000;9.4500000;10
25/05/22;15:00;9.6700000;9.6800000;9.6700000;9.6800000;5
25/05/22;16:00;9.6800000;9.7000000;9.6400000;9.7000000;16
25/05/22;17:00;9.9100000;9.9100000;9.8100000;9.8100000;3
25/05/22;19:00;9.8900000;9.9500000;9.8900000;9.9500000;14
26/05/22;11:00;9.2000000;10.5000000;9.2000000;10.0600000;13
26/05/22;12:00;10.0500000;10.3200000;10.0500000;10.0500000;6
26/05/22;13:00;10.3000000;10.3100000;10.0600000;10.3100000;5
26/05/22;14:00;10.3100000;10.3100000;10.1700000;10.1700000;3
26/05/22;15:00;10.4700000;10.4700000;10.4600000;10.4600000;4
26/05/22;16:00;10.4500000;10.4600000;10.4500000;10.4600000;2
26/05/22;17:00;10.2600000;10.4600000;10.2600000;10.4600000;2
26/05/22;18:00;10.5000000;10.7000000;10.2500000;10.2800000;23
26/05/22;19:00;10.4500000;10.6900000;10.4500000;10.6900000;2
27/05/22;11:00;10.6100000;10.6100000;10.6100000;10.6100000;4
27/05/22;12:00;10.6300000;10.9100000;10.6300000;10.8000000;18
27/05/22;13:00;10.8000000;10.8000000;10.7700000;10.7900000;7
27/05/22;14:00;10.6700000;10.6700000;10.6600000;10.6600000;2
27/05/22;15:00;10.7500000;10.7500000;10.5700000;10.5700000;12
27/05/22;16:00;10.6900000;10.6900000;10.5700000;10.5700000;8
27/05/22;17:00;10.7400000;10.7400000;10.7400000;10.7400000;4
27/05/22;18:00;10.8000000;10.8000000;10.8000000;10.8000000;6
27/05/22;19:00;10.8000000;10.8000000;10.7100000;10.7100000;37
30/05/22;11:00;10.9000000;11.1900000;10.5200000;10.5200000;50
30/05/22;12:00;10.5200000;10.7500000;10.4500000;10.4800000;146
30/05/22;13:00;10.6500000;10.7500000;10.4100000;10.4100000;18
30/05/22;14:00;10.4500000;10.4500000;10.3000000;10.3000000;23
30/05/22;15:00;10.2300000;10.4600000;10.2200000;10.4600000;8
30/05/22;16:00;10.4000000;10.4900000;10.4000000;10.4900000;6
30/05/22;17:00;10.3900000;10.3900000;10.3300000;10.3300000;8
30/05/22;18:00;10.3300000;10.3300000;10.3200000;10.3200000;2
31/05/22;11:00;10.2100000;10.4100000;10.2100000;10.4000000;19
31/05/22;13:00;10.4000000;10.4000000;10.4000000;10.4000000;1
31/05/22;14:00;10.1900000;10.1900000;10.1800000;10.1800000;3
31/05/22;15:00;10.2000000;10.2000000;10.2000000;10.2000000;2
31/05/22;16:00;10.2800000;10.2900000;10.2800000;10.2900000;15
31/05/22;17:00;10.2900000;10.2900000;10.2900000;10.2900000;7
31/05/22;18:00;10.2400000;10.2400000;10.2300000;10.2300000;25
31/05/22;19:00;10.2700000;10.2700000;10.2500000;10.2500000;10
01/06/22;11:00;10.1300000;10.3000000;10.1300000;10.3000000;5
01/06/22;12:00;10.1800000;10.1800000;10.1600000;10.1600000;5
01/06/22;15:00;10.1900000;10.1900000;10.1000000;10.1000000;5
01/06/22;16:00;10.1900000;10.2000000;10.1900000;10.2000000;4
01/06/22;18:00;10.1000000;10.1100000;10.0900000;10.1100000;22
01/06/22;19:00;10.0900000;10.1200000;10.0900000;10.0900000;10
02/06/22;11:00;10.0900000;10.2200000;10.0500000;10.2200000;14
02/06/22;12:00;10.1800000;10.1900000;10.0700000;10.0700000;24
02/06/22;13:00;10.0600000;10.0600000;10.0600000;10.0600000;1
02/06/22;15:00;10.1300000;10.1300000;10.1300000;10.1300000;2
02/06/22;16:00;10.1000000;10.1000000;10.1000000;10.1000000;2
02/06/22;18:00;10.1100000;10.1100000;10.1100000;10.1100000;1
02/06/22;19:00;10.1000000;10.1000000;10.1000000;10.1000000;5
03/06/22;11:00;10.2400000;10.2400000;10.0600000;10.1800000;9
03/06/22;12:00;10.2400000;10.2400000;10.1800000;10.1800000;5
03/06/22;14:00;10.1600000;10.1600000;10.1600000;10.1600000;13
03/06/22;15:00;10.1800000;10.1900000;10.1800000;10.1900000;2
03/06/22;17:00;10.1800000;10.2000000;10.1000000;10.1000000;7
03/06/22;19:00;10.1900000;10.1900000;10.0600000;10.1100000;8
06/06/22;11:00;9.9500000;10.1000000;9.9500000;10.1000000;16
06/06/22;12:00;10.1000000;10.1200000;10.0000000;10.0000000;36
06/06/22;13:00;9.9900000;9.9900000;9.9800000;9.9800000;10
06/06/22;14:00;9.9800000;9.9800000;9.9500000;9.9500000;20
06/06/22;15:00;9.9500000;9.9800000;9.9500000;9.9800000;237
06/06/22;16:00;9.8700000;9.9500000;9.8600000;9.9500000;3
06/06/22;17:00;9.9400000;9.9400000;9.9300000;9.9300000;5
06/06/22;18:00;9.9300000;9.9400000;9.9300000;9.9400000;2
06/06/22;19:00;9.9900000;9.9900000;9.9900000;9.9900000;26
07/06/22;11:00;9.9100000;9.9400000;9.9100000;9.9400000;16
07/06/22;12:00;9.9300000;9.9600000;9.9300000;9.9600000;21
07/06/22;13:00;9.9600000;9.9600000;9.9300000;9.9300000;2
07/06/22;14:00;9.9300000;9.9500000;9.9300000;9.9500000;2
07/06/22;15:00;9.9500000;10.0700000;9.9400000;10.0000000;115
07/06/22;17:00;9.9700000;10.0000000;9.9700000;10.0000000;10
07/06/22;18:00;9.9900000;9.9900000;9.9900000;9.9900000;1
07/06/22;19:00;9.9900000;10.0000000;9.9900000;10.0000000;8
08/06/22;11:00;9.9900000;10.0200000;9.9900000;10.0200000;12
08/06/22;12:00;10.0300000;10.0300000;9.9100000;9.9900000;22
08/06/22;13:00;9.9900000;10.0300000;9.9300000;9.9500000;17
08/06/22;14:00;9.9300000;10.0000000;9.9300000;9.9400000;26
08/06/22;15:00;9.9300000;9.9300000;9.9200000;9.9200000;9
08/06/22;16:00;9.9200000;9.9200000;9.8900000;9.9200000;43
08/06/22;17:00;9.9200000;9.9500000;9.8700000;9.9500000;188
08/06/22;18:00;9.8900000;9.8900000;9.8500000;9.8500000;9
08/06/22;19:00;9.8400000;9.9400000;9.8300000;9.9400000;54
09/06/22;11:00;9.8200000;9.9000000;9.7500000;9.8100000;40
09/06/22;12:00;9.7800000;9.7800000;9.6500000;9.7700000;45
09/06/22;13:00;9.7700000;9.8500000;9.7600000;9.8000000;121
09/06/22;14:00;9.7500000;10.0000000;9.7400000;9.9500000;116
09/06/22;15:00;9.7700000;9.7700000;9.5500000;9.7300000;592
09/06/22;16:00;9.7900000;9.9100000;9.7900000;9.9000000;49
09/06/22;17:00;9.9000000;9.9000000;9.8200000;9.8200000;22
09/06/22;18:00;9.8400000;9.9000000;9.8000000;9.8000000;33
09/06/22;19:00;9.8500000;9.8500000;9.8100000;9.8100000;13
10/06/22;11:00;9.7500000;9.8400000;9.6500000;9.7000000;50
10/06/22;12:00;9.6700000;9.7800000;9.5700000;9.6500000;44
10/06/22;13:00;9.5900000;9.6900000;9.5500000;9.6000000;210
10/06/22;14:00;9.6000000;9.6700000;9.4400000;9.5000000;244
10/06/22;15:00;9.4800000;9.5100000;9.3700000;9.4900000;243
10/06/22;16:00;9.4900000;9.5300000;9.3900000;9.3900000;184
10/06/22;17:00;9.4000000;9.4800000;9.3500000;9.3700000;294
10/06/22;18:00;9.3700000;9.3900000;9.2900000;9.2900000;96
10/06/22;19:00;9.3800000;9.4400000;9.3500000;9.4400000;75
14/06/22;11:00;9.4400000;9.6300000;9.4400000;9.5000000;492
14/06/22;12:00;9.4600000;9.4800000;9.2900000;9.3200000;465
14/06/22;13:00;9.3700000;9.3700000;9.2000000;9.2100000;214
14/06/22;14:00;9.2100000;9.2800000;9.1700000;9.2500000;622
14/06/22;15:00;9.3000000;9.3000000;9.1200000;9.1500000;259
14/06/22;16:00;9.1600000;9.2100000;9.0600000;9.1100000;703
14/06/22;17:00;9.1300000;9.2500000;9.0900000;9.2500000;553
14/06/22;18:00;9.2100000;9.2100000;9.0800000;9.2000000;591
14/06/22;19:00;9.1600000;9.2100000;9.1400000;9.1600000;380
15/06/22;11:00;9.3300000;9.3400000;9.1300000;9.1800000;328
15/06/22;12:00;9.1300000;9.2000000;9.1000000;9.1300000;305
15/06/22;13:00;9.1700000;9.1800000;9.0900000;9.1300000;270
15/06/22;14:00;9.1200000;9.1800000;9.1100000;9.1300000;110
15/06/22;15:00;9.1200000;9.1600000;9.1000000;9.1000000;202
15/06/22;16:00;9.1100000;9.1600000;9.1000000;9.1600000;389
15/06/22;17:00;9.1700000;9.1900000;9.1500000;9.1600000;78
15/06/22;18:00;9.1500000;9.1900000;9.1100000;9.1800000;142
15/06/22;19:00;9.1700000;9.1800000;9.1600000;9.1800000;20
16/06/22;11:00;9.1800000;9.3000000;9.0900000;9.1100000;211
16/06/22;12:00;9.1000000;9.1500000;9.0800000;9.1200000;1808
16/06/22;13:00;9.1200000;9.1400000;9.0000000;9.1400000;969
16/06/22;14:00;9.1500000;9.1700000;9.0600000;9.0600000;3314
16/06/22;15:00;9.0800000;9.1100000;9.0600000;9.1000000;951
16/06/22;16:00;9.1000000;9.1100000;9.0500000;9.0700000;839
16/06/22;17:00;9.0800000;9.1000000;9.0700000;9.0900000;299
16/06/22;18:00;9.0800000;9.1300000;9.0700000;9.1300000;640
16/06/22;19:00;9.1400000;9.1600000;9.1100000;9.1100000;224
17/06/22;11:00;9.1600000;9.1600000;9.0100000;9.1200000;352
17/06/22;12:00;9.1100000;9.1300000;9.0500000;9.1000000;428
17/06/22;13:00;9.0800000;9.0800000;8.8300000;9.0000000;972
17/06/22;14:00;8.9900000;9.0000000;8.9600000;8.9900000;4120
17/06/22;15:00;8.9900000;8.9900000;8.9400000;8.9400000;6191
17/06/22;16:00;8.9500000;9.0000000;8.9000000;8.9600000;2291
17/06/22;17:00;8.9100000;9.0000000;8.8800000;8.9300000;932
17/06/22;18:00;8.9200000;8.9500000;8.9200000;8.9500000;937
17/06/22;19:00;8.9500000;8.9800000;8.8900000;8.9700000;1686
20/06/22;11:00;9.0000000;9.0700000;8.8900000;8.9300000;773
20/06/22;12:00;8.9500000;8.9700000;8.9100000;8.9100000;781
20/06/22;13:00;8.9200000;8.9200000;8.8900000;8.9000000;2776
20/06/22;14:00;8.9000000;8.9000000;8.8600000;8.9000000;1558
20/06/22;15:00;8.9000000;8.9000000;8.8200000;8.8700000;2257
20/06/22;16:00;8.8600000;8.8800000;8.7700000;8.8400000;1554
20/06/22;17:00;8.8300000;8.8500000;8.8200000;8.8500000;299
20/06/22;18:00;8.8500000;8.8500000;8.8200000;8.8400000;100
20/06/22;19:00;8.8200000;8.8700000;8.8200000;8.8600000;542
21/06/22;11:00;8.8000000;8.8200000;8.7300000;8.7500000;956
21/06/22;12:00;8.7500000;8.7500000;8.6300000;8.6500000;1120
21/06/22;13:00;8.6800000;8.6800000;8.6200000;8.6600000;1223
21/06/22;14:00;8.6200000;8.6800000;8.6200000;8.6400000;11055
21/06/22;15:00;8.6400000;8.6800000;8.6400000;8.6500000;13053
21/06/22;16:00;8.6400000;8.6500000;8.4000000;8.6300000;11172
21/06/22;17:00;8.6300000;8.6400000;8.5800000;8.6100000;4370
21/06/22;18:00;8.6300000;8.6400000;8.5700000;8.5900000;1106
21/06/22;19:00;8.5800000;8.6000000;8.5200000;8.5300000;1599
22/06/22;11:00;8.4800000;8.6000000;8.2300000;8.4200000;4265
22/06/22;12:00;8.4200000;8.4200000;8.3700000;8.3900000;11396
22/06/22;13:00;8.3900000;8.4000000;8.3400000;8.3700000;798
22/06/22;14:00;8.3800000;8.3900000;8.3600000;8.3900000;598
22/06/22;15:00;8.3900000;8.4000000;8.3600000;8.3700000;218
22/06/22;16:00;8.3800000;8.4000000;8.3600000;8.3800000;4438
22/06/22;17:00;8.3900000;8.4000000;8.3800000;8.4000000;5118
22/06/22;18:00;8.4000000;8.4200000;8.3900000;8.4100000;2216
22/06/22;19:00;8.4100000;8.4500000;8.4100000;8.4300000;607
23/06/22;11:00;8.3000000;8.4900000;8.2800000;8.4600000;1285
23/06/22;12:00;8.4600000;8.5000000;8.3900000;8.4300000;5856
23/06/22;13:00;8.4300000;8.4400000;8.3300000;8.3300000;2014
23/06/22;14:00;8.3500000;8.4000000;8.3000000;8.3500000;1227
23/06/22;15:00;8.3500000;8.4100000;8.3400000;8.3800000;6496
23/06/22;16:00;8.3800000;8.3800000;8.3300000;8.3400000;595
23/06/22;17:00;8.3500000;8.3800000;8.3300000;8.3400000;1793
23/06/22;18:00;8.3500000;8.4000000;8.3300000;8.3800000;4016
23/06/22;19:00;8.3600000;8.3900000;8.3200000;8.3900000;2012
24/06/22;11:00;8.4200000;8.4800000;8.3500000;8.4400000;2385
24/06/22;12:00;8.4400000;8.4400000;8.3600000;8.3600000;944
24/06/22;13:00;8.3700000;8.4200000;8.3600000;8.4100000;811
24/06/22;14:00;8.4200000;8.4400000;8.4000000;8.4100000;1000
24/06/22;15:00;8.4200000;8.4200000;8.4000000;8.4100000;3114
24/06/22;16:00;8.4100000;8.4400000;8.3800000;8.4400000;2723
24/06/22;17:00;8.4300000;8.5000000;8.4100000;8.4600000;5601
24/06/22;18:00;8.4800000;8.5500000;8.4800000;8.5000000;7710
24/06/22;19:00;8.5100000;8.8300000;8.4800000;8.5200000;4072
27/06/22;11:00;8.5700000;8.6600000;8.3900000;8.4000000;4209
27/06/22;12:00;8.4000000;8.4200000;8.3300000;8.3800000;3262
27/06/22;13:00;8.3800000;8.4100000;8.3400000;8.4000000;1567
27/06/22;14:00;8.4000000;8.4100000;8.3500000;8.3700000;1400
27/06/22;15:00;8.3700000;8.3900000;8.3400000;8.3600000;603
27/06/22;16:00;8.3700000;8.4000000;8.3600000;8.3800000;2130
27/06/22;17:00;8.3800000;8.3800000;8.2900000;8.3400000;5439
27/06/22;18:00;8.3300000;8.3500000;8.3200000;8.3500000;2152
27/06/22;19:00;8.3400000;8.3900000;8.3000000;8.3600000;1762
28/06/22;11:00;8.3600000;8.4200000;8.3000000;8.3300000;9124
28/06/22;12:00;8.3200000;8.3300000;8.2500000;8.2600000;10518
28/06/22;13:00;8.2500000;8.2600000;8.2300000;8.2300000;5396
28/06/22;14:00;8.2200000;8.2600000;8.2000000;8.2400000;1241
28/06/22;15:00;8.2300000;8.2300000;8.1800000;8.1900000;1766
28/06/22;16:00;8.1900000;8.2300000;8.1200000;8.1300000;3149
28/06/22;17:00;8.1300000;8.1400000;8.0700000;8.0900000;4198
28/06/22;18:00;8.1000000;8.1200000;8.0300000;8.0400000;4522
28/06/22;19:00;8.0500000;8.1200000;7.9900000;8.0400000;4326
29/06/22;11:00;7.9600000;8.1000000;7.8000000;7.8600000;9522
29/06/22;12:00;7.8600000;7.8900000;7.7800000;7.8600000;5930
29/06/22;13:00;7.8600000;7.9800000;7.8600000;7.9600000;5678
29/06/22;14:00;7.9600000;8.2500000;7.9400000;8.0800000;14232
29/06/22;15:00;8.1000000;8.2500000;8.0800000;8.1200000;4317
29/06/22;16:00;8.1200000;8.2200000;8.1100000;8.1700000;13354
29/06/22;17:00;8.1700000;8.2500000;8.1200000;8.2200000;7317
29/06/22;18:00;8.2100000;8.2900000;8.1900000;8.2300000;4251
29/06/22;19:00;8.2400000;8.5000000;8.2300000;8.4300000;5470
30/06/22;11:00;8.6900000;8.6900000;8.2600000;8.5000000;14172
30/06/22;12:00;8.5000000;8.5800000;8.4400000;8.5800000;4435
30/06/22;13:00;8.5900000;8.6400000;8.5400000;8.6000000;4558
30/06/22;14:00;8.5900000;8.7400000;8.5000000;8.6200000;10177
30/06/22;15:00;8.6000000;8.6800000;8.5700000;8.6300000;3200
30/06/22;16:00;8.6200000;8.6700000;8.3500000;8.4200000;21566
30/06/22;17:00;8.4300000;8.6500000;8.4100000;8.5600000;2796
30/06/22;18:00;8.5500000;8.6800000;8.4200000;8.5700000;5867
30/06/22;19:00;8.5700000;8.5900000;8.3900000;8.4200000;5100
01/07/22;11:00;8.4000000;8.8300000;8.1100000;8.6300000;10780
01/07/22;12:00;8.6300000;8.8300000;8.5500000;8.8200000;13851
01/07/22;13:00;8.8100000;9.0400000;8.7400000;8.8800000;16789
01/07/22;14:00;8.8800000;9.1000000;8.8500000;9.0400000;8122
01/07/22;15:00;9.0500000;9.1700000;9.0200000;9.0900000;10173
01/07/22;16:00;9.1000000;9.1700000;9.0100000;9.0900000;6891
01/07/22;17:00;9.1000000;9.2200000;9.0700000;9.1300000;8615
01/07/22;18:00;9.1300000;9.1600000;8.8500000;9.0000000;14505
01/07/22;19:00;9.0000000;9.0800000;8.9600000;9.0300000;6714
04/07/22;11:00;9.1300000;9.2300000;8.9200000;9.0600000;15330
04/07/22;12:00;9.0500000;9.0800000;9.0000000;9.0200000;3634
04/07/22;13:00;9.0200000;9.1000000;9.0000000;9.0500000;3787
04/07/22;14:00;9.0700000;9.0800000;8.8200000;8.9300000;8445
04/07/22;15:00;8.9300000;8.9700000;8.7900000;8.8900000;4818
04/07/22;16:00;8.8800000;8.9500000;8.8600000;8.9300000;4253
04/07/22;17:00;8.9300000;8.9700000;8.7800000;8.8000000;9888
04/07/22;18:00;8.7900000;8.9500000;8.7700000;8.9300000;5977
04/07/22;19:00;8.9300000;8.9600000;8.9100000;8.9100000;4335
05/07/22;11:00;8.9000000;9.1000000;8.8500000;9.0800000;7671
05/07/22;12:00;9.1000000;9.2500000;9.0600000;9.1500000;19272
05/07/22;13:00;9.1500000;9.2100000;9.0800000;9.2100000;7551
05/07/22;14:00;9.1900000;9.4500000;9.1600000;9.3800000;16311
05/07/22;15:00;9.3700000;9.5300000;9.3300000;9.3900000;14373
05/07/22;16:00;9.3900000;9.5500000;9.3500000;9.5400000;8854
05/07/22;17:00;9.5400000;9.6600000;9.4900000;9.5600000;12832
05/07/22;18:00;9.5500000;9.6300000;9.5200000;9.5800000;4529
05/07/22;19:00;9.5800000;9.6400000;9.5500000;9.6300000;4595
06/07/22;11:00;9.6300000;9.9800000;9.6100000;9.7400000;17974
06/07/22;12:00;9.7200000;9.9200000;9.6300000;9.8700000;7710
06/07/22;13:00;9.8700000;9.8800000;9.6500000;9.6900000;6762
06/07/22;14:00;9.6900000;9.7100000;9.5600000;9.5900000;9729
06/07/22;15:00;9.6300000;9.7800000;9.6200000;9.7000000;6090
06/07/22;16:00;9.7000000;9.7900000;9.6500000;9.7400000;6063
06/07/22;17:00;9.7400000;9.8000000;9.6300000;9.7300000;3540
06/07/22;18:00;9.7400000;9.8800000;9.6600000;9.8200000;3124
06/07/22;19:00;9.8200000;9.9500000;9.7800000;9.9200000;3603
07/07/22;11:00;9.9700000;10.1000000;9.7500000;9.8500000;12815
07/07/22;12:00;9.8500000;9.8900000;9.7200000;9.7800000;3804
07/07/22;13:00;9.8000000;9.8400000;9.7700000;9.8100000;1810
07/07/22;14:00;9.8100000;9.8500000;9.7500000;9.7600000;2789
07/07/22;15:00;9.7500000;9.7600000;9.6800000;9.7200000;1899
07/07/22;16:00;9.7200000;9.7600000;9.6800000;9.6800000;1541
07/07/22;17:00;9.6900000;9.7000000;9.5600000;9.6400000;5541
07/07/22;18:00;9.6500000;9.7600000;9.6100000;9.7200000;3367
07/07/22;19:00;9.7200000;9.7200000;9.6200000;9.7000000;4568
08/07/22;11:00;9.7100000;9.7700000;9.4100000;9.4700000;8031
08/07/22;12:00;9.4700000;9.5000000;9.4500000;9.4700000;1790
08/07/22;13:00;9.4700000;9.6000000;9.4500000;9.5600000;7286
08/07/22;14:00;9.5700000;9.6000000;9.4700000;9.4800000;5433
08/07/22;15:00;9.4800000;9.5200000;9.4600000;9.4800000;744
08/07/22;16:00;9.4700000;9.5800000;9.4500000;9.4600000;3063
08/07/22;17:00;9.4700000;9.5300000;9.4700000;9.5000000;3136
08/07/22;18:00;9.5000000;9.5700000;9.4800000;9.5300000;1027
08/07/22;19:00;9.5400000;9.5800000;9.5100000;9.5300000;3227
11/07/22;11:00;9.5000000;9.5200000;9.3400000;9.3900000;7052
11/07/22;12:00;9.4000000;9.4700000;9.4000000;9.4400000;4373
11/07/22;13:00;9.4400000;9.5500000;9.4000000;9.5300000;14290
11/07/22;14:00;9.5300000;9.6000000;9.4500000;9.4900000;9576
11/07/22;15:00;9.4900000;9.5400000;9.4400000;9.4600000;4067
11/07/22;16:00;9.4600000;9.4700000;9.3900000;9.4000000;3822
11/07/22;17:00;9.4000000;9.4100000;9.3000000;9.3200000;4879
11/07/22;18:00;9.3200000;9.3300000;9.1600000;9.2700000;14195
11/07/22;19:00;9.2700000;9.2800000;9.1000000;9.1300000;12253
12/07/22;11:00;9.0700000;9.1900000;9.0100000;9.1200000;10573
12/07/22;12:00;9.1200000;9.1300000;9.0600000;9.0800000;5803
12/07/22;13:00;9.0900000;9.1200000;9.0400000;9.0600000;2522
12/07/22;14:00;9.0600000;9.0700000;8.9200000;8.9800000;12563
12/07/22;15:00;8.9700000;8.9800000;8.8800000;8.9500000;5033
12/07/22;16:00;8.9500000;8.9800000;8.8400000;8.8600000;5468
12/07/22;17:00;8.8600000;8.9200000;8.7800000;8.8800000;15748
12/07/22;18:00;8.8700000;9.0900000;8.8700000;8.9800000;16503
12/07/22;19:00;8.9700000;9.1700000;8.9700000;9.0800000;8944
12/07/22;20:00;9.0400000;9.1400000;9.0000000;9.1300000;1257
12/07/22;21:00;9.1100000;9.1300000;9.0800000;9.1000000;284
12/07/22;22:00;9.1000000;9.1200000;9.1000000;9.1100000;139
12/07/22;23:00;9.1000000;9.1100000;9.1000000;9.1000000;437
13/07/22;00:00;9.1000000;9.1100000;9.0800000;9.0900000;207
13/07/22;11:00;9.1000000;9.1600000;8.9500000;9.0000000;9634
13/07/22;12:00;9.0000000;9.1300000;8.9300000;9.0800000;9577
13/07/22;13:00;9.1000000;9.1200000;9.0200000;9.0400000;13065
13/07/22;14:00;9.0300000;9.0800000;8.9600000;8.9800000;6136
13/07/22;15:00;8.9700000;8.9900000;8.9400000;8.9600000;6923
13/07/22;16:00;8.9600000;9.0400000;8.9400000;8.9500000;8055
13/07/22;17:00;8.9500000;8.9700000;8.9000000;8.9600000;8030
13/07/22;18:00;8.9600000;9.0000000;8.9200000;8.9900000;2862
13/07/22;19:00;8.9900000;8.9900000;8.9500000;8.9700000;1973
13/07/22;20:00;8.9700000;8.9800000;8.9200000;8.9300000;416
13/07/22;21:00;8.9400000;8.9500000;8.9200000;8.9300000;320
13/07/22;22:00;8.9200000;8.9300000;8.9200000;8.9300000;195
13/07/22;23:00;8.9300000;8.9600000;8.9200000;8.9500000;190
14/07/22;00:00;8.9500000;8.9500000;8.9300000;8.9300000;98
14/07/22;11:00;8.9200000;8.9800000;8.8500000;8.8700000;7349
14/07/22;12:00;8.8700000;8.9600000;8.8100000;8.9000000;11474
14/07/22;13:00;8.9000000;8.9600000;8.8900000;8.9400000;6169
14/07/22;14:00;8.9600000;8.9900000;8.9100000;8.9100000;9386
14/07/22;15:00;8.9200000;8.9400000;8.8600000;8.9200000;6310
14/07/22;16:00;8.9200000;8.9400000;8.8700000;8.9200000;6165
14/07/22;17:00;8.9100000;8.9100000;8.8600000;8.9000000;5932
14/07/22;18:00;8.8900000;8.9300000;8.8700000;8.9300000;4069
14/07/22;19:00;8.9300000;8.9700000;8.9200000;8.9400000;2536
14/07/22;20:00;8.9500000;8.9500000;8.9100000;8.9100000;368
14/07/22;21:00;8.9300000;8.9300000;8.9100000;8.9200000;180
14/07/22;22:00;8.9200000;8.9300000;8.9200000;8.9200000;120
14/07/22;23:00;8.9200000;8.9300000;8.9100000;8.9300000;326
15/07/22;00:00;8.9300000;8.9500000;8.9200000;8.9400000;373
15/07/22;11:00;8.9500000;9.0200000;8.8800000;8.8900000;14733
15/07/22;12:00;8.8800000;8.9000000;8.8200000;8.8400000;6352
15/07/22;13:00;8.8400000;8.9000000;8.7200000;8.7800000;11120
15/07/22;14:00;8.7800000;8.8200000;8.6500000;8.6800000;11806
15/07/22;15:00;8.6800000;8.7800000;8.6600000;8.7000000;9592
15/07/22;16:00;8.7000000;8.8200000;8.6800000;8.8100000;4670
15/07/22;17:00;8.8100000;8.8400000;8.6800000;8.7900000;15934
15/07/22;18:00;8.7900000;8.8700000;8.7800000;8.8200000;11847
15/07/22;19:00;8.8200000;8.8400000;8.7900000;8.8100000;4885
15/07/22;20:00;8.8000000;8.8900000;8.7900000;8.8000000;1787
15/07/22;21:00;8.8200000;8.8300000;8.7600000;8.7700000;669
15/07/22;22:00;8.7700000;8.8100000;8.7600000;8.7700000;968
15/07/22;23:00;8.7700000;8.8000000;8.7400000;8.7600000;1961
16/07/22;00:00;8.7700000;8.8000000;8.7600000;8.7800000;215
18/07/22;11:00;8.8000000;8.8000000;8.6500000;8.7100000;17517
18/07/22;12:00;8.7100000;8.7200000;8.6700000;8.6900000;9858
18/07/22;13:00;8.6900000;8.7000000;8.6300000;8.6700000;12718
18/07/22;14:00;8.6600000;8.6700000;8.6000000;8.6300000;8226
18/07/22;15:00;8.6300000;8.6400000;8.6000000;8.6300000;4440
18/07/22;16:00;8.6300000;8.6500000;8.6000000;8.6400000;5064
18/07/22;17:00;8.6200000;8.6700000;8.6100000;8.6400000;4547
18/07/22;18:00;8.6400000;8.6700000;8.6300000;8.6600000;1091
18/07/22;19:00;8.6600000;8.7100000;8.6400000;8.6800000;4613
18/07/22;20:00;8.6800000;8.6800000;8.6500000;8.6600000;448
18/07/22;21:00;8.6600000;8.6800000;8.6600000;8.6600000;264
18/07/22;22:00;8.6700000;8.6800000;8.6500000;8.6500000;389
18/07/22;23:00;8.6500000;8.6700000;8.6500000;8.6600000;124
19/07/22;00:00;8.6600000;8.6600000;8.6500000;8.6600000;259
19/07/22;11:00;8.6400000;8.6700000;8.5400000;8.5600000;16027
19/07/22;12:00;8.5500000;8.5600000;8.4800000;8.5400000;20946
19/07/22;13:00;8.5500000;8.5500000;8.4900000;8.5000000;9832
19/07/22;14:00;8.5100000;8.5200000;8.4100000;8.4600000;23080
19/07/22;15:00;8.4500000;8.4500000;8.4000000;8.4300000;7449
19/07/22;16:00;8.4300000;8.5900000;8.4000000;8.5100000;13683
19/07/22;17:00;8.5200000;8.6000000;8.5100000;8.5500000;16949
19/07/22;18:00;8.5500000;8.5600000;8.4800000;8.5200000;11583
19/07/22;19:00;8.5200000;8.5300000;8.4500000;8.4900000;6835
19/07/22;20:00;8.5200000;8.5200000;8.4800000;8.5000000;1376
19/07/22;21:00;8.4900000;8.5000000;8.4200000;8.4600000;1013
19/07/22;22:00;8.4600000;8.4900000;8.4600000;8.4700000;265
19/07/22;23:00;8.4700000;8.4700000;8.4400000;8.4500000;531
20/07/22;00:00;8.4400000;8.4700000;8.4400000;8.4600000;200
20/07/22;11:00;8.4400000;8.4900000;8.3500000;8.3800000;13855
20/07/22;12:00;8.3700000;8.3900000;8.3100000;8.3900000;10353
20/07/22;13:00;8.3900000;8.4300000;8.3600000;8.4000000;9711
20/07/22;14:00;8.3900000;8.4100000;8.3800000;8.4100000;3000
20/07/22;15:00;8.4000000;8.4300000;8.3600000;8.4000000;12181
20/07/22;16:00;8.4100000;8.4300000;8.4000000;8.4100000;4333
20/07/22;17:00;8.4100000;8.4200000;8.3500000;8.3700000;6796
20/07/22;18:00;8.3500000;8.4100000;8.3500000;8.4000000;7437
20/07/22;19:00;8.4000000;8.4100000;8.3800000;8.3900000;11267
20/07/22;20:00;8.3900000;8.3900000;8.3700000;8.3900000;305
20/07/22;21:00;8.3900000;8.3900000;8.3700000;8.3700000;467
20/07/22;22:00;8.3700000;8.3900000;8.3700000;8.3700000;233
20/07/22;23:00;8.3900000;8.3900000;8.3700000;8.3800000;190
21/07/22;00:00;8.3800000;8.3900000;8.3700000;8.3900000;783
21/07/22;11:00;8.3700000;8.6600000;8.3100000;8.4100000;43348
21/07/22;12:00;8.4100000;8.4700000;8.4000000;8.4600000;21575
21/07/22;13:00;8.4600000;8.9100000;8.4500000;8.8600000;56771
21/07/22;14:00;8.8500000;8.8800000;8.6500000;8.7600000;43731
21/07/22;15:00;8.7500000;8.7700000;8.6400000;8.7600000;18591
21/07/22;16:00;8.7600000;8.8000000;8.6600000;8.6600000;11098
21/07/22;17:00;8.6800000;8.7400000;8.6300000;8.6900000;15777
21/07/22;18:00;8.6900000;8.7500000;8.6800000;8.7500000;7237
21/07/22;19:00;8.7500000;8.7700000;8.7200000;8.7200000;12038
21/07/22;20:00;8.7300000;8.7700000;8.7100000;8.7300000;1614
21/07/22;21:00;8.7300000;8.7400000;8.7200000;8.7300000;1676
21/07/22;22:00;8.7200000;8.7600000;8.7200000;8.7500000;1383
21/07/22;23:00;8.7500000;8.7700000;8.7400000;8.7400000;960
22/07/22;00:00;8.7500000;8.7600000;8.7400000;8.7400000;317
22/07/22;11:00;8.7600000;8.8500000;8.6800000;8.8100000;40963
22/07/22;12:00;8.8100000;8.8500000;8.7600000;8.7800000;13077
22/07/22;13:00;8.7900000;8.8800000;8.7900000;8.8600000;27587
22/07/22;14:00;8.8700000;8.8900000;8.7700000;8.8400000;26161
22/07/22;15:00;8.8400000;8.8800000;8.7900000;8.8500000;66406
22/07/22;16:00;8.8500000;8.8800000;8.8000000;8.8700000;44336
22/07/22;17:00;8.8600000;8.9900000;8.8600000;8.9000000;26370
22/07/22;18:00;8.9000000;8.9100000;8.7200000;8.7500000;23294
22/07/22;19:00;8.7400000;8.7700000;8.7000000;8.7700000;14770
22/07/22;20:00;8.7700000;8.7900000;8.7500000;8.7600000;1028
22/07/22;21:00;8.7600000;8.7800000;8.7500000;8.7800000;735
22/07/22;22:00;8.7800000;8.7800000;8.7600000;8.7600000;163
22/07/22;23:00;8.7700000;8.7800000;8.7600000;8.7600000;165
23/07/22;00:00;8.7700000;8.7800000;8.7700000;8.7800000;364
25/07/22;11:00;8.7900000;8.8600000;8.7600000;8.8200000;23128
25/07/22;12:00;8.8200000;8.8300000;8.7800000;8.8100000;14805
25/07/22;13:00;8.8100000;8.8900000;8.8000000;8.8600000;8833
25/07/22;14:00;8.8700000;8.9200000;8.8500000;8.9000000;9871
25/07/22;15:00;8.8900000;8.9000000;8.8400000;8.8400000;11313
25/07/22;16:00;8.8400000;8.8800000;8.8400000;8.8500000;10977
25/07/22;17:00;8.8500000;8.9000000;8.8400000;8.8900000;19076
25/07/22;18:00;8.8900000;8.9000000;8.8600000;8.9000000;14841
25/07/22;19:00;8.8900000;8.9000000;8.8700000;8.8700000;10902
25/07/22;20:00;8.8800000;8.9100000;8.8800000;8.8900000;892
25/07/22;21:00;8.9000000;8.9300000;8.9000000;8.9200000;874
25/07/22;22:00;8.9200000;8.9200000;8.9100000;8.9100000;833
25/07/22;23:00;8.9100000;8.9300000;8.9000000;8.9200000;1292
26/07/22;00:00;8.9200000;8.9300000;8.9100000;8.9300000;1569
26/07/22;11:00;8.9300000;9.0300000;8.9100000;8.9600000;55503
26/07/22;12:00;8.9500000;8.9600000;8.9200000;8.9600000;33966
26/07/22;13:00;8.9600000;9.0100000;8.9400000;8.9800000;20716
26/07/22;14:00;8.9900000;9.0000000;8.9800000;9.0000000;7423
26/07/22;15:00;9.0000000;9.1100000;9.0000000;9.1000000;17338
26/07/22;16:00;9.1000000;9.1600000;9.0600000;9.1500000;42405
26/07/22;17:00;9.1400000;9.2300000;9.1200000;9.1500000;25268
26/07/22;18:00;9.1500000;9.2300000;9.1400000;9.2300000;25436
26/07/22;19:00;9.2200000;9.4200000;9.2100000;9.3700000;46157
26/07/22;20:00;9.3900000;9.4600000;9.3100000;9.3900000;5795
26/07/22;21:00;9.3800000;9.4600000;9.3700000;9.4600000;2913
26/07/22;22:00;9.4600000;9.5200000;9.4400000;9.5100000;2337
26/07/22;23:00;9.5000000;9.5100000;9.4300000;9.4400000;1498
27/07/22;00:00;9.4400000;9.4900000;9.4300000;9.4800000;1352
27/07/22;11:00;9.4700000;9.4800000;9.2300000;9.3100000;57905
27/07/22;12:00;9.3100000;9.3100000;9.2100000;9.2700000;31307
27/07/22;13:00;9.2600000;9.3000000;9.2600000;9.2900000;9600
27/07/22;14:00;9.2700000;9.2900000;9.2100000;9.2200000;20788
27/07/22;15:00;9.2100000;9.2200000;9.1000000;9.1700000;50511
27/07/22;16:00;9.1700000;9.2100000;9.0700000;9.1200000;33244
27/07/22;17:00;9.1000000;9.2500000;9.1000000;9.2000000;25455
27/07/22;18:00;9.2000000;9.2500000;9.1200000;9.2400000;18937
27/07/22;19:00;9.2300000;9.2900000;9.2100000;9.2100000;19758
27/07/22;20:00;9.2000000;9.2300000;9.1800000;9.1900000;1272
27/07/22;21:00;9.1900000;9.2000000;9.1800000;9.1800000;1233
27/07/22;22:00;9.1900000;9.1900000;9.1700000;9.1800000;1013
27/07/22;23:00;9.1800000;9.1800000;9.1600000;9.1600000;2079
28/07/22;00:00;9.1800000;9.1800000;9.1400000;9.1600000;1614
28/07/22;11:00;9.1700000;9.2600000;9.1000000;9.2400000;22424
28/07/22;12:00;9.2400000;9.2500000;9.1700000;9.2000000;24577
28/07/22;13:00;9.2100000;9.2400000;9.1900000;9.2200000;15288
28/07/22;14:00;9.2300000;9.3300000;9.2200000;9.3000000;18005
28/07/22;15:00;9.3000000;9.3600000;9.2800000;9.3200000;15353
28/07/22;16:00;9.3300000;9.3400000;9.2700000;9.3000000;27119
28/07/22;17:00;9.3100000;9.3700000;9.2700000;9.2900000;15955
28/07/22;18:00;9.2900000;9.3400000;9.2800000;9.3000000;15950
28/07/22;19:00;9.2900000;9.3400000;9.2600000;9.3300000;13605
28/07/22;20:00;9.3200000;9.3700000;9.3200000;9.3300000;1308
28/07/22;21:00;9.3300000;9.3500000;9.3200000;9.3300000;658
28/07/22;22:00;9.3200000;9.3400000;9.3000000;9.3400000;1049
28/07/22;23:00;9.3400000;9.3400000;9.3300000;9.3300000;252
29/07/22;00:00;9.3300000;9.3400000;9.3300000;9.3300000;1272
29/07/22;11:00;9.3300000;9.3900000;9.2700000;9.3800000;29084
29/07/22;12:00;9.3800000;9.4400000;9.3700000;9.4100000;24634
29/07/22;13:00;9.4200000;9.4900000;9.4000000;9.4500000;23263
29/07/22;14:00;9.4400000;9.5200000;9.4100000;9.4400000;18883
29/07/22;15:00;9.4400000;9.5600000;9.4400000;9.4700000;40641
29/07/22;16:00;9.4600000;9.5000000;9.4100000;9.4700000;14236
29/07/22;17:00;9.4700000;9.5200000;9.4200000;9.4900000;20700
29/07/22;18:00;9.4900000;9.5400000;9.4800000;9.5300000;18621
29/07/22;19:00;9.5200000;9.5500000;9.4700000;9.5100000;26305
29/07/22;20:00;9.5200000;9.5300000;9.5000000;9.5100000;3109
29/07/22;21:00;9.5100000;9.5300000;9.5000000;9.5200000;1815
29/07/22;22:00;9.5300000;9.5400000;9.5100000;9.5400000;1152
29/07/22;23:00;9.5300000;9.5400000;9.5000000;9.5100000;2471
30/07/22;00:00;9.5100000;9.5400000;9.5000000;9.5200000;2720
